id,current,real_power_from,reactive_power_from,real_power_to,reactive_power_to,resistance,reactance,susceptance,rateA,rateB,rateC,ratio,angle,angmin,angmax
1,306.18139700762566,-187.8773452713533,7.528362822290811,189.11248565727766,-66.21145610276717,0.0035,0.0411,0.6987,600.0,600.0,-350.1587978834186,0.0,0.0,-360.0,360.0
2,169.42252725971622,90.27840228543565,-51.71914534890628,-90.19984465213501,-25.706557751832296,0.001,0.025,0.75,1000.0,1000.0,154.95879789389676,0.0,0.0,-360.0,360.0
3,591.318590887725,328.2191595731371,148.22269586159484,-326.5442642998043,-154.78673940568362,0.0013,0.0151,0.2572,500.0,500.0,637.4524457170885,0.0,0.0,-360.0,360.0
4,421.9348678708542,-242.3322892181674,85.5043579885371,246.87342987098341,-95.2282620739216,0.007,0.0086,0.146,500.0,500.0,-489.76640186967023,0.0,0.0,-360.0,360.0
5,494.1084618118502,-249.9999999639644,-167.5097367472837,249.9999999639644,183.2888503381698,0.0,0.0181,0.0,900.0,900.0,-499.99999999077005,1.025,0.0,-360.0,360.0
6,269.31888239525387,42.9780209235433,153.78252565238927,-42.59549617159618,-168.53600343921033,0.0013,0.0213,0.2214,500.0,500.0,71.61323940110246,0.0,0.0,-360.0,360.0
7,64.86769548329362,-38.433770736371734,-1.3957459794853022,38.45120751414756,-19.423788231743387,0.0011,0.0133,0.2138,500.0,500.0,-81.36770130995386,0.0,0.0,-360.0,360.0
8,305.399844157461,-174.02592426789602,13.087303069092577,174.29409112485027,-21.058482109144883,8.0E-4,0.0128,0.1342,600.0,600.0,-399.1593813670897,0.0,0.0,-360.0,360.0
9,454.9060632680137,-258.3783958888886,-28.55038123369199,258.9667321320214,25.322330221644997,8.0E-4,0.0129,0.1382,500.0,500.0,-529.99719551577,0.0,0.0,-360.0,360.0
10,904.5485591981472,-516.4411922003213,2.2090891815510716,517.0255432845111,1.4210180298538544,2.0E-4,0.0026,0.0434,1200.0,1200.0,-1077.5069362749593,0.0,0.0,-360.0,360.0
11,600.1749007176443,342.1469277734428,18.850633495025203,-341.1153284901849,-17.812046898057027,8.0E-4,0.0112,0.1476,900.0,900.0,677.6415842757715,0.0,0.0,-360.0,360.0
12,795.8146273033027,452.0621292389996,50.49958910027667,-450.7016717139914,-39.90058016576068,6.0E-4,0.0092,0.113,900.0,900.0,907.1255415698735,0.0,0.0,-360.0,360.0
13,581.5518977380582,-332.2877125278561,-8.833777249751666,333.13250841466595,5.980445203135726,7.0E-4,0.0082,0.1389,480.0,480.0,-641.4611990068503,0.0,0.0,-360.0,360.0
14,1116.6464026806016,-636.7999997390929,-43.08656017089289,636.7999997390928,154.39569211497235,0.0,0.025,0.0,1800.0,1800.0,-1344.4450180489762,1.07,0.0,-360.0,360.0
15,390.17999923045636,216.90165759706193,-44.09912079744261,-216.68553365109935,39.546841981083226,4.0E-4,0.0046,0.078,900.0,900.0,436.78348100871625,0.0,0.0,-360.0,360.0
16,354.85419792176765,35.80100697076903,-198.33038919666217,-34.93285540959654,175.1044821168055,0.0023,0.0363,0.3804,900.0,900.0,67.9601426715124,0.0,0.0,-360.0,360.0
17,184.21627704620343,28.433441426261126,-108.49815375063896,-28.405088777399904,-16.738294215748983,0.001,0.025,1.2,900.0,900.0,53.21355254244058,0.0,0.0,-360.0,360.0
18,591.0939034362475,336.85801710338836,47.56341515376282,-336.3575442564672,-48.92112093518545,4.0E-4,0.0043,0.0729,600.0,600.0,652.4908953529906,0.0,0.0,-360.0,360.0
19,544.2825358950323,313.14197083739623,8.505034178633958,-312.71854896940755,-10.703842227470835,4.0E-4,0.0043,0.0729,600.0,600.0,647.509101381148,0.0,0.0,-360.0,360.0
20,1133.5640892015117,-649.9999999991089,-56.068394238108695,649.9999999991089,147.83435141623943,0.0,0.02,0.0,900.0,900.0,-1299.999999652964,1.07,0.0,-360.0,360.0
21,75.09687916920471,-3.1928001086957383,-42.06479294911338,3.2250199358278206,42.940769499266885,0.0016,0.0435,0.0,500.0,500.0,-8.445485126934786,1.006,0.0,-360.0,360.0
22,82.32149219199515,-5.337201269842094,-45.93520176639695,5.3759186440099915,46.98783037658668,0.0016,0.0435,0.0,500.0,500.0,-8.614514828938969,1.006,0.0,-360.0,360.0
23,538.6816869456366,307.3426128992289,-36.283880412826136,-306.4150843580282,30.755639982759266,9.0E-4,0.0101,0.1723,600.0,600.0,637.9112171674044,0.0,0.0,-360.0,360.0
24,127.77603385642189,47.448340554012034,-56.07780319354848,-47.3747676217161,22.805009584561517,0.0018,0.0217,0.366,600.0,600.0,104.67590942177405,0.0,0.0,-360.0,360.0
25,559.6090439188519,-272.62523142316985,-175.80500907363233,273.60519597536484,169.62810689365244,9.0E-4,0.0094,0.171,600.0,600.0,-535.4951816597884,0.0,0.0,-360.0,360.0
26,389.1771298481895,220.10511711483312,-66.87326712069832,-219.73251565034997,58.425231780625786,7.0E-4,0.0089,0.1342,600.0,600.0,449.99343439846643,0.0,0.0,-360.0,360.0
27,765.92916549944,-451.14109399277027,37.95837754192366,454.51480845476993,-26.615956215005667,0.0016,0.0195,0.304,600.0,600.0,-902.2801865362925,0.0,0.0,-360.0,360.0
28,558.531395599241,-328.34344993912543,-34.43164520426261,329.22883918994887,24.272653175678265,8.0E-4,0.0135,0.2548,600.0,600.0,-656.6810797834705,0.0,0.0,-360.0,360.0
29,245.59009983576394,-43.22576886823417,-138.58157182968398,43.28758613503792,133.08825942175724,3.0E-4,0.0059,0.068,600.0,600.0,-86.4490083869897,0.0,0.0,-360.0,360.0
30,331.4553238046885,196.72618696161743,0.8090307883200171,-196.45120750396762,-10.576210520282824,7.0E-4,0.0082,0.1319,600.0,600.0,397.9694346250653,0.0,0.0,-360.0,360.0
31,107.06356821496881,23.006328600316657,-59.23426170848651,-22.974567945441205,27.69638154024948,0.0013,0.0173,0.3216,600.0,600.0,51.247021122336456,0.0,0.0,-360.0,360.0
32,296.4686719448739,174.65796907080792,16.23512077798693,-174.4382766366909,-11.904041362537372,7.0E-4,0.0138,0.0,900.0,900.0,349.31694384363703,1.06,0.0,-360.0,360.0
33,1063.533682801559,-629.1727775371647,10.380835437369917,631.9999999989486,46.971391644529035,7.0E-4,0.0142,0.0,900.0,900.0,-1258.3449440257073,1.07,0.0,-360.0,360.0
34,871.0448386479297,-505.56172336089406,-91.09595863740118,507.9999999997287,139.86149141409462,9.0E-4,0.018,0.0,900.0,900.0,-1011.1224080982216,1.009,0.0,-360.0,360.0
35,1040.379785979621,-603.2288391933336,-139.272653173574,606.293520909622,166.79293645303136,8.0E-4,0.014,0.2565,900.0,900.0,-1206.4528224289138,0.0,0.0,-360.0,360.0
36,71.61054563122727,43.70647907643176,1.4077341067809208,-43.694802716021826,-20.474583891427372,6.0E-4,0.0096,0.1846,600.0,600.0,87.4144299341169,0.0,0.0,-360.0,360.0
37,1099.4964972154764,-649.9999999973267,-168.20067055941806,649.9999999973267,229.92880936874988,0.0,0.0143,0.0,900.0,900.0,-1299.9999999675633,1.025,0.0,-360.0,360.0
38,586.760307550412,354.6376836491437,47.88186389193996,-351.8875861224436,-40.888259424272974,0.0022,0.035,0.361,600.0,600.0,709.275801962941,0.0,0.0,-360.0,360.0
39,933.8909894499876,-558.4428809420598,-112.00727999992115,559.9999999978163,196.7145566330751,5.0E-4,0.0272,0.0,900.0,900.0,-1116.8847373583983,1.0,0.0,-360.0,360.0
40,109.8308144296713,67.4682004142037,-1.7542566955236538,-67.30949268536531,-52.24525822836808,0.0032,0.0323,0.531,600.0,600.0,129.65399893579317,0.0,0.0,-360.0,360.0
41,879.8027357797292,-538.3416304512527,49.782519325732245,539.9999999880595,14.341102764137714,6.0E-4,0.0232,0.0,900.0,900.0,-1076.6832429235792,1.025,0.0,-360.0,360.0
42,450.6526985071562,259.0728782232403,89.78234943675503,-258.02543224807175,-103.19638111260299,0.0014,0.0147,0.2396,600.0,600.0,512.8829785024062,0.0,0.0,-360.0,360.0
43,235.13528962365615,-140.76937523962337,-25.51219805109568,141.600537697668,-46.30064635171627,0.0043,0.0474,0.7802,600.0,600.0,-281.53984560441495,0.0,0.0,-360.0,360.0
44,315.89396570041174,-189.99401065213337,-29.02489254211548,192.01122749684845,-55.80169234477561,0.0057,0.0625,1.029,600.0,600.0,-379.98651839953857,0.0,0.0,-360.0,360.0
45,571.4946488656734,-347.60053769766876,18.700646351716976,349.2420318888367,-26.903848926042595,0.0014,0.0151,0.249,600.0,600.0,-695.2022204196641,0.0,0.0,-360.0,360.0
46,1355.2520760155523,-824.7532593857347,55.80554127082171,829.9999999999874,46.505900707106164,8.0E-4,0.0156,0.0,1200.0,1200.0,-1649.5063414386725,1.025,0.0,-360.0,360.0
