id,current,real_power_from,reactive_power_from,real_power_to,reactive_power_to,resistance,reactance,susceptance,rateA,rateB,rateC,ratio,angle,angmin,angmax
1,474.4875305079944,-284.8370837102694,46.70049944154811,287.80925134650454,-83.02873143331963,0.0035,0.0411,0.6987,600.0,600.0,600.0,0.0,0.0,-360.0,360.0
2,342.14918469444854,187.23708063669181,-90.90049689001475,-186.8726687613473,21.364116073190935,0.001,0.025,0.75,1000.0,1000.0,1000.0,0.0,0.0,-360.0,360.0
3,1086.7375351705946,635.8711273479254,135.87708159802662,-630.3413746225114,-96.76859316918451,0.0013,0.0151,0.2572,500.0,500.0,500.0,0.0,0.0,-360.0,360.0
4,1179.706793260877,-673.6803417067277,210.6727958095984,708.6854815808484,-182.76388400286294,0.007,0.0086,0.146,500.0,500.0,500.0,0.0,0.0,-360.0,360.0
5,607.0909181542305,-249.99999593068816,-263.52114411585194,249.99999593068816,287.3413489546697,0.0,0.0181,0.0,900.0,900.0,2500.0,1.025,0.0,-360.0,360.0
6,553.3871497706508,308.34145043361434,94.36864127834293,-306.89122833383647,-91.13290966900902,0.0013,0.0213,0.2214,500.0,500.0,500.0,0.0,0.0,-360.0,360.0
7,68.69107924372287,-40.68385065497693,-1.5682571450978593,40.703251870314496,-19.216330780925393,0.0011,0.0133,0.2138,500.0,500.0,500.0,0.0,0.0,-360.0,360.0
8,92.88268112396301,20.982632809448372,-48.397368249880024,-20.962858961189465,36.521107491945344,8.0E-4,0.0128,0.1342,600.0,600.0,600.0,0.0,0.0,-360.0,360.0
9,385.01938381230394,-214.09132070909445,-44.46965489171197,214.5102113522455,38.64319335011444,8.0E-4,0.0129,0.1382,500.0,500.0,500.0,0.0,0.0,-360.0,360.0
10,503.95289921345795,-283.37025483961884,-50.70777287331338,283.5511949241311,49.08594919230468,2.0E-4,0.0026,0.0434,1200.0,1200.0,1200.0,0.0,0.0,-360.0,360.0
11,533.349492202543,304.3331071090479,14.18669606941091,-303.5184405437829,-16.2082001565398,8.0E-4,0.0112,0.1476,900.0,900.0,900.0,0.0,0.0,-360.0,360.0
12,666.7047767204624,377.94250384465266,52.82201364548445,-376.9864379022634,-48.45229508017228,6.0E-4,0.0092,0.113,900.0,900.0,900.0,0.0,0.0,-360.0,360.0
13,756.2979561583945,-432.5845101501426,-16.47837226352341,434.01291255167246,20.403246384668822,7.0E-4,0.0082,0.1389,480.0,480.0,480.0,0.0,0.0,-360.0,360.0
14,426.8603895777918,-228.9093674561988,-85.4294484402249,228.90936745619874,101.69508882683098,0.0,0.025,0.0,1800.0,1800.0,1800.0,1.07,0.0,-360.0,360.0
15,259.7168611881488,143.18646290487035,-35.547696112446914,-143.09117410978178,29.58752356966159,4.0E-4,0.0046,0.078,900.0,900.0,900.0,0.0,0.0,-360.0,360.0
16,359.4421154801758,-75.3903037835872,-189.9793095141076,76.29269447890591,167.2244458687835,0.0023,0.0363,0.3804,900.0,900.0,900.0,0.0,0.0,-360.0,360.0
17,213.87037630333788,-82.79266668931164,-100.62443752211337,82.87267169858707,-23.406618475719316,0.001,0.025,1.2,900.0,900.0,900.0,0.0,0.0,-360.0,360.0
18,754.769485209112,434.82728391204984,22.38317025238878,-434.0129120663813,-20.403244579932714,4.0E-4,0.0043,0.0729,600.0,600.0,600.0,0.0,0.0,-360.0,360.0
19,375.18222161223025,215.1726873266852,23.303736099109866,-214.970908326583,-27.914258984696875,4.0E-4,0.0043,0.0729,600.0,600.0,600.0,0.0,0.0,-360.0,360.0
20,1129.5524611110052,-649.99999127752,-45.686901811216465,649.99999127752,136.8044977781502,0.0,0.02,0.0,900.0,900.0,2500.0,1.07,0.0,-360.0,360.0
21,75.2339772408722,-4.222742563467393,-42.02715161401601,4.255080140054404,42.9063294774754,0.0016,0.0435,0.0,500.0,500.0,500.0,1.006,0.0,-360.0,360.0
22,82.24359120855371,-4.307257414469484,-45.972848243908906,4.34590154665979,47.02348558783287,0.0016,0.0435,0.0,500.0,500.0,500.0,1.006,0.0,-360.0,360.0
23,376.57335760190756,214.97089824157487,27.914264609098556,-214.5102264880884,-38.64318549140037,9.0E-4,0.0101,0.1723,600.0,600.0,600.0,0.0,0.0,-360.0,360.0
24,135.4465486922173,52.337954710887026,-57.59162169417863,-52.252408655988624,24.49450561940898,0.0018,0.0217,0.366,600.0,600.0,600.0,0.0,0.0,-360.0,360.0
25,554.3367799502095,-267.7475908298942,-177.49450555373892,268.70842101074084,171.12612665405533,9.0E-4,0.0094,0.171,600.0,600.0,600.0,0.0,0.0,-360.0,360.0
26,821.4937717136065,494.07304733516617,-29.313341908796307,-492.38867114947436,37.09319617226805,7.0E-4,0.0089,0.1342,600.0,600.0,600.0,0.0,0.0,-360.0,360.0
27,767.9193111103075,-451.15040253798776,102.57235906206424,454.57312608417857,-91.40612932522205,0.0016,0.0195,0.304,600.0,600.0,2500.0,0.0,0.0,-360.0,360.0
28,545.5084529689682,-328.5949845760344,6.707749391826612,329.4477373898286,-18.24412837758498,8.0E-4,0.0135,0.2548,600.0,600.0,600.0,0.0,0.0,-360.0,360.0
29,199.73350120989335,-43.32757312803796,-112.26675784183658,43.36805302509035,106.10543851360433,3.0E-4,0.0059,0.068,600.0,600.0,600.0,0.0,0.0,-360.0,360.0
30,335.33107684148723,198.98471731253264,1.0982378336171994,-198.70325175353025,-10.783669220905528,7.0E-4,0.0082,0.1319,600.0,600.0,600.0,0.0,0.0,-360.0,360.0
31,819.9736544315952,492.3888312220943,-37.09311324196707,-489.2798619436202,45.779813761616644,0.0013,0.0173,0.3216,600.0,600.0,600.0,0.0,0.0,-360.0,360.0
32,299.43416963282783,174.6151475416709,36.147449887364736,-174.39103807570203,-31.729291843979254,7.0E-4,0.0138,0.0,900.0,900.0,2500.0,1.06,0.0,-360.0,360.0
33,1060.6126579953193,-629.1882855482766,55.25867999274894,631.9999992469012,1.7789407507836863,7.0E-4,0.0142,0.0,900.0,900.0,2500.0,1.07,0.0,-360.0,360.0
34,862.5661706936387,-505.60896006145725,-71.2707081162555,507.99999981665144,119.09150322013976,9.0E-4,0.018,0.0,900.0,900.0,2500.0,1.009,0.0,-360.0,360.0
35,1013.4362423717853,-603.4477442976528,-96.75586918061909,606.3631097996746,121.13457132376908,8.0E-4,0.014,0.2565,900.0,900.0,900.0,0.0,0.0,-360.0,360.0
36,71.04511565186388,43.63687676735619,-1.994701749869332,-43.625742701690605,-17.35288420471841,6.0E-4,0.0096,0.1846,600.0,600.0,600.0,0.0,0.0,-360.0,360.0
37,1074.7713194095184,-649.9999980339717,-119.13986894857028,649.9999980339717,178.12297239729702,0.0,0.0143,0.0,900.0,900.0,2500.0,1.025,0.0,-360.0,360.0
38,578.0647449167918,354.61522995518544,18.359299948433417,-351.96803974384557,-13.90544041315902,0.0022,0.035,0.361,600.0,600.0,600.0,0.0,0.0,-360.0,360.0
39,919.8050611063624,-558.489497305647,-85.60641483118347,559.9999983816833,167.77767336755502,5.0E-4,0.0272,0.0,900.0,900.0,2500.0,1.0,0.0,-360.0,360.0
40,648.8666390571349,-394.3428768500417,68.46498100458587,399.2940814790123,-74.51302050081031,0.0032,0.0323,0.531,600.0,600.0,600.0,0.0,0.0,-360.0,360.0
41,879.5063532140501,-538.3427336634286,67.09902893868168,539.9999860656567,-3.018602719199426,6.0E-4,0.0232,0.0,900.0,900.0,2500.0,1.025,0.0,-360.0,360.0
42,380.48739600440814,-207.51920059872768,104.56913959114135,208.2800919073686,-121.27953981822347,0.0014,0.0147,0.2396,600.0,600.0,600.0,0.0,0.0,-360.0,360.0
43,233.16346120928637,-140.7299727137334,-21.75073437981038,141.5600917932833,-50.5375458047695,0.0043,0.0474,0.7802,600.0,600.0,600.0,0.0,0.0,-360.0,360.0
44,313.9211561722456,-190.0450865513142,-25.30502971131347,192.0600213416773,-60.09155298834319,0.0057,0.0625,1.029,600.0,600.0,600.0,0.0,0.0,-360.0,360.0
45,570.7430837119922,-347.5600996051983,22.937547907021408,349.1987879743618,-31.25475425076969,0.0014,0.0151,0.249,600.0,600.0,600.0,0.0,0.0,-360.0,360.0
46,1354.528922813426,-824.7588506375006,64.44631099835401,829.9999934960823,37.75597474398822,8.0E-4,0.0156,0.0,1200.0,1200.0,2500.0,1.025,0.0,-360.0,360.0
