id,current,real_power_from,reactive_power_from,real_power_to,reactive_power_to,resistance,reactance,susceptance,rateA,rateB,rateC,ratio,angle,angmin,angmax
1,315.00594546103105,-193.25278158228372,8.129414762819263,194.55788898784184,-65.98088633233442,0.0035,0.0411,0.6987,600.0,600.0,-350.1587978834186,0.0,0.0,-360.0,360.0
2,177.56050397871695,95.65385593226561,-52.32019890612256,-95.56566985011256,-24.855113032075096,0.001,0.025,0.75,1000.0,1000.0,154.95879789389676,0.0,0.0,-360.0,360.0
3,590.6609992114342,327.8247325367339,148.11106371194222,-326.1534826709338,-154.7172043617429,0.0013,0.0151,0.2572,500.0,500.0,637.4524457170885,0.0,0.0,-360.0,360.0
4,421.9961433262214,-242.38330462096246,85.46136375268412,246.92569378862515,-95.18342770552972,0.007,0.0086,0.146,500.0,500.0,-489.76640186967023,0.0,0.0,-360.0,360.0
5,494.1846294030512,-249.99999995333565,-167.58567873851956,249.99999995333565,183.36965745437502,0.0,0.0181,0.0,900.0,900.0,-499.99999999077005,1.025,0.0,-360.0,360.0
6,268.9940272172199,42.48112669898071,153.72149605224138,-42.099431257323715,-168.48916508494662,0.0013,0.0213,0.2214,500.0,500.0,71.61323940110246,0.0,0.0,-360.0,360.0
7,64.689055955153,-38.32765789675467,-1.404251520825523,38.34500178043153,-19.416601300728484,0.0011,0.0133,0.2138,500.0,500.0,-81.36770130995386,0.0,0.0,-360.0,360.0
8,299.48872177565875,-170.6412182794833,13.10526748729672,170.8991731071556,-21.239910399663742,8.0E-4,0.0128,0.1342,600.0,600.0,-399.1593813670897,0.0,0.0,-360.0,360.0
9,452.96070342934127,-257.25918748127714,-28.61518364251384,257.84247145718456,25.30512134649295,8.0E-4,0.0129,0.1382,500.0,500.0,-529.99719551577,0.0,0.0,-360.0,360.0
10,903.1924353406691,-515.6569537791969,2.2532447009279366,516.2395544928279,1.3542709004260411,2.0E-4,0.0026,0.0434,1200.0,1200.0,-1077.5069362749593,0.0,0.0,-360.0,360.0
11,604.7652301622511,344.75760502226814,18.98790651569455,-343.71018948414746,-17.72703093632506,8.0E-4,0.0112,0.1476,900.0,900.0,677.6415842757715,0.0,0.0,-360.0,360.0
12,799.2777182035355,454.0283220735928,50.637017335144684,-452.6560204525096,-39.855758812458475,6.0E-4,0.0092,0.113,900.0,900.0,907.1255415698735,0.0,0.0,-360.0,360.0
13,583.628596543781,-333.4679184252351,-8.826611319437497,334.3187631680546,6.044553919211887,7.0E-4,0.0082,0.1389,480.0,480.0,-641.4611990068503,0.0,0.0,-360.0,360.0
14,1116.6803915733444,-636.7999996816071,-43.16440699722075,636.7999996816071,154.48031518079057,0.0,0.025,0.0,1800.0,1800.0,-1344.4450180489762,1.07,0.0,-360.0,360.0
15,393.588163017935,218.85600481506864,-44.14394168504591,-218.63606698231246,39.636126313392985,4.0E-4,0.0046,0.078,900.0,900.0,436.78348100871625,0.0,0.0,-360.0,360.0
16,356.67991399151833,40.346392896347695,-198.5046890209315,-39.467725700456036,175.44826829523504,0.0023,0.0363,0.3804,900.0,900.0,67.9601426715124,0.0,0.0,-360.0,360.0
17,186.79341744707168,32.96832907065832,-108.84194180562565,-32.93697852598598,-16.31337548080017,0.001,0.025,1.2,900.0,900.0,53.21355254244058,0.0,0.0,-360.0,360.0
18,592.9825717130129,337.94278885029075,47.649248896463035,-337.4391193538933,-48.972502582710185,4.0E-4,0.0043,0.0729,600.0,600.0,652.4908953529906,0.0,0.0,-360.0,360.0
19,542.3963565321931,312.05719889894374,8.430829564114223,-311.63670674053526,-10.661146897124384,4.0E-4,0.0043,0.0729,600.0,600.0,647.509101381148,0.0,0.0,-360.0,360.0
20,1133.5687602951737,-649.9999999956024,-56.08002336565183,649.9999999956024,147.84673682791015,0.0,0.02,0.0,900.0,900.0,-1299.999999652964,1.07,0.0,-360.0,360.0
21,75.06208052949333,-3.088149493371112,-42.0528775993178,3.1203394671619034,42.92804251175499,0.0016,0.0435,0.0,500.0,500.0,-8.445485126934786,1.006,0.0,-360.0,360.0
22,82.36451175674063,-5.441851902695188,-45.94711711627591,5.480609753286586,47.00084617922958,0.0016,0.0435,0.0,500.0,500.0,-8.614514828938969,1.006,0.0,-360.0,360.0
23,536.6395226037031,306.1560797641251,-36.339591638775296,-305.23561703060415,30.731692658898023,9.0E-4,0.0101,0.1723,600.0,600.0,637.9112171674044,0.0,0.0,-360.0,360.0
24,127.65705455305786,47.393134470435065,-56.03664708646166,-47.31972955827077,22.76090833600591,0.0018,0.0217,0.366,600.0,600.0,104.67590942177405,0.0,0.0,-360.0,360.0
25,559.6426132640484,-272.68026955430673,-175.7609078267295,273.66036165070784,169.5851114896537,9.0E-4,0.0094,0.171,600.0,600.0,-535.4951816597884,0.0,0.0,-360.0,360.0
26,389.08123356382714,220.0500809759878,-66.86331759914394,-219.67766511857417,58.41280133756184,7.0E-4,0.0089,0.1342,600.0,600.0,449.99343439846643,0.0,0.0,-360.0,360.0
27,765.9277330256724,-451.1411188719294,37.97455839920901,454.51482870317545,-26.632389394737945,0.0016,0.0195,0.304,600.0,600.0,-902.2801865362925,0.0,0.0,-360.0,360.0
28,558.5269541634977,-328.34352290846823,-34.421356746454016,329.22890009642595,24.261951868477137,8.0E-4,0.0135,0.2548,600.0,600.0,-656.6810797834705,0.0,0.0,-360.0,360.0
29,245.57828561724205,-43.22580055992755,-138.57499526149874,43.28761174515502,133.0815004229518,3.0E-4,0.0059,0.068,600.0,600.0,-86.4490083869897,0.0,0.0,-360.0,360.0
30,331.27449415195764,196.61968195383628,0.8125977122677042,-196.34500171037496,-10.583397448570832,7.0E-4,0.0082,0.1319,600.0,600.0,397.9694346250653,0.0,0.0,-360.0,360.0
31,107.08073510774344,23.057983117824136,-59.22539818888283,-23.026201664228978,27.687595250961323,0.0013,0.0173,0.3216,600.0,600.0,51.247021122336456,0.0,0.0,-360.0,360.0
32,296.46894877015865,174.65795645431416,16.24017118164078,-174.4382636099248,-11.909083677964944,7.0E-4,0.0138,0.0,900.0,900.0,349.31694384363703,1.06,0.0,-360.0,360.0
33,1063.5322479138272,-629.1727851662256,10.392218213368066,631.9999999992074,46.959854112827614,7.0E-4,0.0142,0.0,900.0,900.0,-1258.3449440257073,1.07,0.0,-360.0,360.0
34,871.0425117232905,-505.56173638825453,-91.09091632199053,507.9999999997956,139.8561885528127,9.0E-4,0.018,0.0,900.0,900.0,-1011.1224080982216,1.009,0.0,-360.0,360.0
35,1040.3722759678012,-603.2289000989781,-139.26195186688906,606.2935393815341,166.78135832766495,8.0E-4,0.014,0.2565,900.0,900.0,-1206.4528224289138,0.0,0.0,-360.0,360.0
36,71.6103440771392,43.7064606079491,1.4068714926966803,-43.694784403051735,-20.47379300117975,6.0E-4,0.0096,0.1846,600.0,600.0,87.4144299341169,0.0,0.0,-360.0,360.0
37,1099.4894611105838,-649.9999999979844,-168.1882298200634,649.9999999979843,229.9155785872789,0.0,0.0143,0.0,900.0,900.0,-1299.9999999675633,1.025,0.0,-360.0,360.0
38,586.7575785865035,354.63767818987674,47.87438175773802,-351.88761173565905,-40.881500424848475,0.0022,0.035,0.361,600.0,600.0,709.275801962941,0.0,0.0,-360.0,360.0
39,933.8871357219153,-558.4428937935636,-112.00058875611344,559.9999999983531,196.70716629667507,5.0E-4,0.0272,0.0,900.0,900.0,-1116.8847373583983,1.0,0.0,-360.0,360.0
40,109.74715482463058,67.41593174547255,-1.7699174886221676,-67.25746083451811,-52.231609646156365,0.0032,0.0323,0.531,600.0,600.0,129.65399893579317,0.0,0.0,-360.0,360.0
41,879.8040065107595,-538.3416256552151,49.75334573846631,539.9999999825121,14.370461583687844,6.0E-4,0.0232,0.0,900.0,900.0,-1076.6832429235792,1.025,0.0,-360.0,360.0
42,450.56503019770804,259.0208451642127,89.76933015902944,-257.9737985236806,-103.18759482095898,0.0014,0.0147,0.2396,600.0,600.0,512.8829785024062,0.0,0.0,-360.0,360.0
43,235.13546290593862,-140.76937846834227,-25.51251445667142,141.6005410726378,-46.30028921428379,0.0043,0.0474,0.7802,600.0,600.0,-281.53984560441495,0.0,0.0,-360.0,360.0
44,315.894137362597,-189.99400622487508,-29.02520543896165,192.01122334153715,-55.8013305127608,0.0057,0.0625,1.029,600.0,600.0,-379.98651839953857,0.0,0.0,-360.0,360.0
45,571.4947160258257,-347.60054107263846,18.70028921428477,349.2420355223171,-26.903481933755202,0.0014,0.0151,0.249,600.0,600.0,-695.2022204196641,0.0,0.0,-360.0,360.0
46,1355.2521434154087,-824.7532588638762,55.8048124465174,829.9999999999942,46.50663970778557,8.0E-4,0.0156,0.0,1200.0,1200.0,-1649.5063414386725,1.025,0.0,-360.0,360.0
