id,current,real_power_from,reactive_power_from,real_power_to,reactive_power_to,resistance,reactance,susceptance,rateA,rateB,rateC,ratio,angle,angmin,angmax
1,0.0,0.0,0.0,0.0,0.0,0.02,0.06,0.03,130.0,130.0,21.781145718769146,0.0,0.0,-360.0,360.0
2,0.0,0.0,0.0,0.0,0.0,0.05,0.19,0.02,130.0,130.0,30.16646039498756,0.0,0.0,-360.0,360.0
3,0.0,0.0,0.0,0.0,0.0,0.06,0.17,0.02,65.0,65.0,32.134668051224814,0.0,0.0,-360.0,360.0
4,0.0,0.0,0.0,0.0,0.0,0.01,0.04,0.0,130.0,130.0,25.11306994560827,0.0,0.0,-360.0,360.0
5,0.0,0.0,0.0,0.0,0.0,0.05,0.2,0.02,130.0,130.0,27.58371023753523,0.0,0.0,-360.0,360.0
6,0.0,0.0,0.0,0.0,0.0,0.06,0.18,0.02,65.0,65.0,40.55018073965656,0.0,0.0,-360.0,360.0
7,0.0,0.0,0.0,0.0,0.0,0.01,0.04,0.0,90.0,90.0,44.998269278000016,0.0,0.0,-360.0,360.0
8,0.0,0.0,0.0,0.0,0.0,0.05,0.12,0.01,70.0,70.0,27.36318037749106,0.0,0.0,-360.0,360.0
9,0.0,0.0,0.0,0.0,0.0,0.03,0.08,0.01,130.0,130.0,18.540062402135884,0.0,0.0,-360.0,360.0
10,0.0,0.0,0.0,0.0,0.0,0.01,0.04,0.0,32.0,32.0,49.64461982939228,0.0,0.0,-360.0,360.0
11,0.0,0.0,0.0,0.0,0.0,0.0,0.21,0.0,65.0,65.0,11.577916390548038,0.0,0.0,-360.0,360.0
12,0.0,0.0,0.0,0.0,0.0,0.0,0.56,0.0,32.0,32.0,6.61595222880062,0.0,0.0,-360.0,360.0
13,0.0,0.0,0.0,0.0,0.0,0.0,0.21,0.0,65.0,65.0,0.0,0.0,0.0,-360.0,360.0
14,0.0,0.0,0.0,0.0,0.0,0.0,0.11,0.0,65.0,65.0,11.577916419682552,0.0,0.0,-360.0,360.0
15,0.0,0.0,0.0,0.0,0.0,0.0,0.26,0.0,65.0,65.0,-3.3431240575351175,0.0,0.0,-360.0,360.0
16,171.4970106227292,-39.99999991859131,-0.5875052948380736,39.9999999185913,2.838787485866173,0.0,0.14,0.0,65.0,65.0,-73.99999999300653,0.0,0.0,-360.0,360.0
17,25.392634001660856,5.919328502539709,0.2147368629591803,-5.877024102163919,-0.12307732881163448,0.12,0.26,0.0,32.0,32.0,10.775554534421588,0.0,0.0,-360.0,360.0
18,48.755480663047614,11.372778457940422,-0.06520863102767539,-11.281801017038596,0.23416673555963477,0.07,0.13,0.0,32.0,32.0,18.954058468934544,0.0,0.0,-360.0,360.0
19,51.76867553238218,12.067894362542766,0.4379766371611049,-11.936018470868765,-0.14491910010777315,0.09,0.2,0.0,32.0,32.0,18.52726291929837,0.0,0.0,-360.0,360.0
20,0.5346039767340516,-0.012975512053854643,0.1230770050623543,0.013009889676689817,-0.12304575267795868,0.22,0.2,0.0,16.0,16.0,-1.6980924838742417,0.0,0.0,-360.0,360.0
21,37.350083771793486,8.611018491077646,0.14491909437728656,-8.549999933213225,-1.9449284847580794E-8,0.08,0.19,0.0,16.0,16.0,11.368188154170964,0.0,0.0,-360.0,360.0
22,53.12263532139246,12.28667699774867,0.45201387452569514,-12.116953997689643,-0.11256787440764278,0.11,0.22,0.0,16.0,16.0,18.329189408321422,0.0,0.0,-360.0,360.0
23,39.79613943366422,9.076954065965449,0.1125678554923011,-9.024999714288464,-9.352550114569147E-8,0.06,0.13,0.0,16.0,16.0,11.735561428061922,0.0,0.0,-360.0,360.0
24,0.0,0.0,0.0,0.0,0.0,0.03,0.07,0.0,32.0,32.0,-7.3086350056806,0.0,0.0,-360.0,360.0
25,0.0,0.0,0.0,0.0,0.0,0.09,0.21,0.0,32.0,32.0,11.831173746696013,0.0,0.0,-360.0,360.0
26,0.0,0.0,0.0,0.0,0.0,0.03,0.08,0.0,32.0,32.0,6.7399416082914545,0.0,0.0,-360.0,360.0
27,0.0,0.0,0.0,0.0,0.0,0.03,0.07,0.0,32.0,32.0,-4.467651877858668,0.0,0.0,-360.0,360.0
28,0.0,0.0,0.0,0.0,0.0,0.07,0.15,0.0,32.0,32.0,-7.509594799182767,0.0,0.0,-360.0,360.0
29,130.49106392063902,0.0,-22.968933781901274,19.870610716352147,23.15513406264121,0.01,0.02,0.0,32.0,32.0,-39.555021151964354,0.0,0.0,-360.0,360.0
30,38.13369753934077,-8.80788481898809,-0.5631304393546164,8.88739204969069,0.7221449007598135,0.1,0.2,0.0,16.0,16.0,-17.610611539161564,0.0,0.0,-360.0,360.0
31,0.0,0.0,0.0,0.0,0.0,0.12,0.18,0.0,16.0,16.0,-4.19514078591949,0.0,0.0,-360.0,360.0
32,35.74064411688811,8.355786323026138,0.14943993531764121,-8.264992376444697,0.03913210758227258,0.13,0.27,0.0,16.0,16.0,14.170666880484978,0.0,0.0,-360.0,360.0
33,0.0,0.0,0.0,0.0,0.0,0.19,0.33,0.0,16.0,16.0,-7.713564804751704,0.0,0.0,-360.0,360.0
34,0.0,0.0,0.0,0.0,0.0,0.25,0.38,0.0,16.0,16.0,7.092788378399536,0.0,0.0,-360.0,360.0
35,0.0,0.0,0.0,0.0,0.0,0.11,0.21,0.0,16.0,16.0,-14.876329973946309,0.0,0.0,-360.0,360.0
36,0.0,0.0,0.0,0.0,0.0,0.0,0.4,0.0,65.0,65.0,-12.225990021404021,0.0,0.0,-360.0,360.0
37,25.066424495604913,5.856939606455048,0.22352326272132572,-5.781361457209241,-0.07923770507024018,0.22,0.42,0.0,16.0,16.0,12.347764004420126,0.0,0.0,-360.0,360.0
38,28.864322807528623,6.744594332408449,0.25075094450703883,-6.5988265604246825,0.022563627962525697,0.32,0.6,0.0,16.0,16.0,14.24478989534214,0.0,0.0,-360.0,360.0
39,15.183538323751938,3.501388073986379,0.07926661644163445,-3.471136636702675,-0.022545171534687766,0.24,0.45,0.0,16.0,16.0,7.367571819190021,0.0,0.0,-360.0,360.0
40,0.0,0.0,0.0,0.0,0.0,0.06,0.2,0.02,32.0,32.0,-10.61150825130313,0.0,0.0,-360.0,360.0
41,0.0,0.0,0.0,0.0,0.0,0.02,0.06,0.01,32.0,32.0,-1.5408884663755273,0.0,0.0,-360.0,360.0
